5 0.324250 0.650133 0.061500 0.095641
11 0.331250 0.536254 0.058500 0.100089
0 0.395500 0.666148 0.053000 0.088523
3 0.422125 0.105205 0.036750 0.092972
9 0.537125 0.211744 0.037750 0.094306
9 0.598875 0.122998 0.038750 0.099199
3 0.676125 0.207073 0.038750 0.092082
7 0.485250 0.408141 0.051000 0.141904
4 0.551000 0.422820 0.052500 0.135676
10 0.694000 0.420596 0.068000 0.136566
5 0.684750 0.549600 0.058500 0.102758
6 0.608625 0.661477 0.050750 0.089858
8 0.549875 0.658585 0.050750 0.091192
2 0.536625 0.799600 0.050750 0.090302
0 0.620500 0.780694 0.053500 0.092527
1 0.694250 0.789813 0.072000 0.102758