11 0.318750 0.848977 0.052500 0.077847
8 0.374375 0.855205 0.044750 0.076957
6 0.434625 0.847642 0.043250 0.072509
10 0.484750 0.864101 0.047500 0.091192
7 0.549625 0.852758 0.047250 0.089858
6 0.615875 0.837189 0.040750 0.071174
8 0.672125 0.848310 0.045750 0.085409
11 0.744750 0.849422 0.054000 0.078737
9 0.737375 0.742215 0.040750 0.063612
9 0.665750 0.735765 0.036500 0.061388
9 0.610125 0.729315 0.034750 0.061833
9 0.552625 0.727980 0.032250 0.058274
9 0.492000 0.734653 0.034000 0.060053
9 0.434500 0.734653 0.034000 0.059164
9 0.377625 0.744217 0.037250 0.062278
9 0.319125 0.740658 0.037750 0.059609
3 0.327000 0.258230 0.039000 0.069840
3 0.382125 0.256228 0.034750 0.071174
3 0.441625 0.241770 0.032750 0.070730
3 0.491000 0.256673 0.033500 0.070285
3 0.546500 0.254226 0.032500 0.067171
3 0.604875 0.247109 0.032750 0.069840
3 0.662750 0.233986 0.032500 0.071174
3 0.714500 0.246219 0.035000 0.068950
5 0.717750 0.127447 0.044500 0.097420
5 0.325875 0.159030 0.047250 0.095641
2 0.385750 0.153470 0.042500 0.102313
2 0.661750 0.138568 0.045000 0.097420
0 0.597625 0.137900 0.036750 0.094306
0 0.438125 0.131895 0.038750 0.098310
4 0.496500 0.128336 0.041500 0.120552
1 0.549375 0.127669 0.042250 0.129004