3 0.167375 0.635899 0.080750 0.100979
3 0.268875 0.636121 0.072750 0.104093
3 0.381875 0.612767 0.058750 0.103648
3 0.473250 0.644128 0.057500 0.102313
3 0.573250 0.644128 0.058500 0.103203
3 0.679875 0.630338 0.064750 0.103203
3 0.788250 0.610543 0.076500 0.106317
3 0.881375 0.631673 0.087250 0.101423
5 0.881750 0.410142 0.101500 0.152135
5 0.171125 0.451068 0.103250 0.152135
2 0.280500 0.442171 0.087500 0.157473
2 0.784625 0.434164 0.102250 0.146797
0 0.666125 0.439279 0.074250 0.150801
0 0.375625 0.411922 0.074250 0.147687
4 0.481500 0.408808 0.075000 0.187722
1 0.577875 0.417260 0.075750 0.190391