5 0.219375 0.670151 0.101750 0.189057
11 0.242750 0.520240 0.092000 0.182829
0 0.324875 0.680160 0.084750 0.193950
3 0.396500 0.082518 0.042000 0.130338
3 0.707750 0.169039 0.051000 0.137900
9 0.534375 0.173710 0.047250 0.138345
9 0.608375 0.093861 0.045250 0.131673
7 0.467125 0.332963 0.070250 0.294929
4 0.555875 0.362322 0.072750 0.261121
1 0.541875 0.883230 0.082250 0.194395
8 0.560125 0.667927 0.078750 0.209520
6 0.647875 0.669929 0.078750 0.199288
0 0.675875 0.855872 0.088250 0.193060
1 0.803125 0.838523 0.138750 0.260676
5 0.752875 0.530027 0.092750 0.189947
10 0.753250 0.354982 0.099000 0.261566