9 0.184500 0.546041 0.085000 0.107206
9 0.292125 0.550712 0.074250 0.108541
9 0.396000 0.530249 0.064000 0.110320
9 0.499000 0.530694 0.061000 0.106762
9 0.605750 0.519795 0.063000 0.108096
9 0.711750 0.521352 0.072000 0.106762
9 0.815125 0.534253 0.083750 0.109431
9 0.942750 0.544706 0.102000 0.104537
11 0.946875 0.727091 0.106250 0.132117
11 0.181625 0.732429 0.108250 0.135676
8 0.279625 0.743327 0.098750 0.133452
8 0.834125 0.729093 0.113750 0.140569
6 0.723000 0.711077 0.093000 0.131228
6 0.394500 0.733096 0.078500 0.127224
10 0.488000 0.759342 0.083000 0.158363
7 0.607875 0.737989 0.092250 0.154804